Evaporation residue cross section (mb) calculated using Monte-Carlo procedure (statistics: 2529042 events for each energy)
Elab(MeV)	E^*(MeV)	Sigma_fus	Sigma_surv	Sigma_fiss	8n	7n	9n	6n	10n	5n	11n	4n	12n	3n	
69.99990	52.49000	1.67844E+3	2.03764E+2	1.47468E+3	0.0	0.77184E+0	0.0	1.41941E+2	0.0	5.52236E+1	0.0	0.70282E+0	0.0	2.65466E-3
72.06892	54.47360	1.73536E+3	1.95130E+2	1.54022E+3	0.0	4.11154E+0	0.0	1.53271E+2	0.0	3.18555E+1	0.0	0.32387E+0	0.0	0.0
74.13784	56.45710	1.78730E+3	1.87250E+2	1.60004E+3	0.0	1.27533E+1	0.0	1.49659E+2	0.0	1.81864E+1	0.0	0.11519E+0	0.0	0.0
76.20685	58.44070	1.83527E+3	1.78467E+2	1.65680E+3	7.25678E-4	2.82434E+1	0.0	1.33116E+2	0.0	9.57170E+0	0.0	5.15232E-2	0.0	0.0
78.27577	60.42420	1.88016E+3	1.71428E+2	1.70873E+3	2.15594E-2	4.84493E+1	0.0	1.09017E+2	0.0	5.11925E+0	0.0	2.82503E-2	0.0	0.0
80.34479	62.40780	1.92230E+3	1.64883E+2	1.75742E+3	0.35040E+0	6.90374E+1	0.0	8.32168E+1	0.0	2.59114E+0	0.0	1.74820E-2	0.0	0.0
82.41370	64.39130	1.96180E+3	1.59978E+2	1.80182E+3	1.72363E+0	8.59307E+1	0.0	6.00282E+1	0.0	1.38542E+0	0.0	3.10284E-3	0.0	0.0
84.48272	66.37490	1.99889E+3	1.56451E+2	1.84245E+3	5.52076E+0	9.68034E+1	0.0	4.11706E+1	0.0	0.66470E+0	0.0	3.95187E-3	0.0	0.0
86.55163	68.35840	2.03398E+3	1.52158E+2	1.88183E+3	1.27192E+1	9.85368E+1	0.0	2.69167E+1	0.0	0.37558E+0	0.0	8.04250E-4	0.0	0.0
88.62065	70.34200	2.06766E+3	1.48887E+2	1.91877E+3	2.33864E+1	9.30675E+1	2.45269E-3	1.71868E+1	0.0	0.16678E+0	0.0	0.0	0.0	0.0
90.68956	72.32550	2.10024E+3	1.44763E+2	1.95548E+3	3.58787E+1	8.14870E+1	4.98269E-2	1.06870E+1	0.0	0.10546E+0	0.0	0.0	0.0	0.0
92.75858	74.30910	2.13119E+3	1.41176E+2	1.99001E+3	4.84949E+1	6.78472E+1	0.27977E+0	6.52155E+0	0.0	3.37074E-2	0.0	0.0	0.0	0.0
94.82750	76.29260	2.15835E+3	1.37362E+2	2.02099E+3	5.97960E+1	5.32656E+1	0.99082E+0	3.88052E+0	0.0	2.38959E-2	0.0	0.0	0.0	0.0
96.89651	78.27620	2.17971E+3	1.34729E+2	2.04499E+3	6.86034E+1	3.98961E+1	2.80798E+0	2.31240E+0	0.0	9.48060E-3	0.0	0.0	0.0	0.0
98.96543	80.25970	2.20030E+3	1.31660E+2	2.06864E+3	7.22407E+1	2.92733E+1	5.89347E+0	1.26152E+0	2.61004E-3	6.96011E-3	0.0	0.0	0.0	0.0
101.03445	82.24330	2.22700E+3	1.28104E+2	2.09890E+3	7.13501E+1	2.04856E+1	1.08381E+1	0.81276E+0	1.58503E-2	8.80572E-4	0.0	0.0	0.0	0.0
103.10336	84.22680	2.25579E+3	1.25022E+2	2.13077E+3	6.67637E+1	1.40412E+1	1.72674E+1	0.46292E+0	8.38437E-2	8.91955E-4	0.0	0.0	0.0	0.0
105.17196	86.21000	2.27400E+3	1.22894E+2	2.15110E+3	6.00032E+1	9.58498E+0	2.46152E+1	0.26165E+0	0.34797E+0	0.0	0.0	0.0	0.0	0.0
107.24140	88.19400	2.28125E+3	1.20101E+2	2.16116E+3	5.10193E+1	6.40706E+0	3.15031E+1	0.13710E+0	1.03552E+0	0.0	0.0	0.0	0.0	0.0
109.30979	90.17700	2.30009E+3	1.17907E+2	2.18218E+3	4.21021E+1	3.99985E+0	3.73055E+1	8.27617E-2	2.24093E+0	0.0	0.0	0.0	0.0	0.0
111.37922	92.16100	2.33050E+3	1.15913E+2	2.21458E+3	3.37027E+1	2.65575E+0	4.12360E+1	5.89756E-2	4.35498E+0	0.0	0.0	0.0	0.0	0.0
113.44866	94.14500	2.33703E+3	1.14284E+2	2.22274E+3	2.60349E+1	1.57278E+0	4.34482E+1	1.84815E-2	7.42957E+0	0.0	3.69630E-3	0.0	0.0	0.0
115.51705	96.12800	2.34529E+3	1.12385E+2	2.23290E+3	1.99100E+1	0.95145E+0	4.25399E+1	1.11281E-2	1.13228E+1	0.0	3.43116E-2	0.0	0.0	0.0
117.58649	98.11200	2.37222E+3	1.10796E+2	2.26143E+3	1.46111E+1	0.66972E+0	4.02436E+1	8.44192E-3	1.55116E+1	0.0	0.14257E+0	0.0	0.0	0.0
119.65488	100.09500	2.37968E+3	1.08938E+2	2.27074E+3	1.04520E+1	0.37261E+0	3.62498E+1	3.76376E-3	2.01117E+1	0.0	0.36226E+0	0.0	0.0	0.0
121.72432	102.07900	2.38266E+3	1.07378E+2	2.27529E+3	7.62742E+0	0.24118E+0	3.15893E+1	1.88424E-3	2.37820E+1	0.0	0.79891E+0	0.0	0.0	0.0
123.79271	104.06200	2.41189E+3	1.06648E+2	2.30525E+3	5.26526E+0	0.14972E+0	2.69471E+1	3.81471E-3	2.76767E+1	0.0	1.63651E+0	0.0	1.90736E-3	0.0
125.86214	106.04600	2.41030E+3	1.05350E+2	2.30495E+3	3.62540E+0	7.43378E-2	2.19249E+1	0.0	2.97504E+1	0.0	2.69903E+0	0.0	5.71829E-3	0.0
127.93054	108.02900	2.41653E+3	1.03181E+2	2.31335E+3	2.39738E+0	5.25532E-2	1.74677E+1	0.0	3.03586E+1	0.0	4.38867E+0	0.0	1.71992E-2	0.0
129.99997	110.01300	2.44814E+3	1.02822E+2	2.34532E+3	1.67950E+0	3.00083E-2	1.35909E+1	0.0	3.05978E+1	0.0	6.35015E+0	0.0	5.32406E-2	0.0