Evaporation residue cross section (mb) calculated using Monte-Carlo procedure (statistics: 6185 events for each energy)
Ecm(MeV)	E^*(MeV)	Sigma_fus	Sigma_surv	Sigma_fiss	3n	5n	2n	4n	6n	7n	8n	9n	
64.14100	30.70100	5.86190E-2	5.46763E-2	3.94269E-3	4.53409E-2	0.0	5.90455E-3	5.68657E-5	0.0	0.0	0.0	0.0
65.14320	31.70320	0.29592E+0	0.27799E+0	1.79423E-2	0.23497E+0	0.0	2.19136E-2	2.58370E-3	0.0	0.0	0.0	0.0
66.14540	32.70540	1.19755E+0	1.09919E+0	9.83597E-2	0.93519E+0	0.0	6.35078E-2	2.67198E-2	0.0	0.0	0.0	0.0
67.14770	33.70770	3.48340E+0	3.07001E+0	0.41339E+0	2.55299E+0	0.0	0.13685E+0	0.13798E+0	0.0	0.0	0.0	0.0
68.14990	34.70990	7.59250E+0	6.39930E+0	1.19319E+0	5.17419E+0	0.0	0.21359E+0	0.49593E+0	0.0	0.0	0.0	0.0
69.15210	35.71210	1.37137E+1	1.11616E+1	2.55205E+0	8.55858E+0	0.0	0.29489E+0	1.30596E+0	0.0	0.0	0.0	0.0
70.15430	36.71430	2.19234E+1	1.66135E+1	5.30982E+0	1.18035E+1	0.0	0.40408E+0	2.70808E+0	0.0	0.0	0.0	0.0
71.15650	37.71650	3.24358E+1	2.33003E+1	9.13551E+0	1.50458E+1	0.0	0.33038E+0	5.13414E+0	0.0	0.0	0.0	0.0
72.15870	38.71870	4.57602E+1	3.07559E+1	1.50043E+1	1.70315E+1	0.0	0.47350E+0	9.30001E+0	0.0	0.0	0.0	0.0
73.16100	39.72100	6.36156E+1	4.13166E+1	2.22989E+1	1.97995E+1	0.0	0.52455E+0	1.51093E+1	0.0	0.0	0.0	0.0
74.16320	40.72320	8.98311E+1	5.68906E+1	3.29405E+1	2.19458E+1	4.35721E-2	0.36310E+0	2.55768E+1	0.0	0.0	0.0	0.0
75.16540	41.72540	1.28153E+2	8.35636E+1	4.45893E+1	2.56306E+1	0.20719E+0	0.33151E+0	4.39056E+1	0.0	0.0	0.0	0.0
76.16760	42.72760	1.75114E+2	1.15686E+2	5.94283E+1	3.04361E+1	1.47226E+0	0.25481E+0	6.42981E+1	0.0	0.0	0.0	0.0
77.16980	43.72980	2.24525E+2	1.44408E+2	8.01175E+1	2.78070E+1	2.72262E+0	0.21780E+0	8.73052E+1	0.0	0.0	0.0	0.0
78.17210	44.73210	2.73518E+2	1.68356E+2	1.05162E+2	2.67105E+1	5.08562E+0	0.26533E+0	1.03349E+2	0.0	0.0	0.0	0.0
79.17430	45.73430	3.21338E+2	1.93062E+2	1.28276E+2	2.74839E+1	1.04948E+1	0.20781E+0	1.16949E+2	0.0	0.0	0.0	0.0
80.17650	46.73650	3.67852E+2	2.08341E+2	1.59512E+2	2.46226E+1	1.56419E+1	0.0	1.25849E+2	0.0	0.0	0.0	0.0
81.17870	47.73870	4.13070E+2	2.19257E+2	1.93812E+2	1.95682E+1	2.03696E+1	0.20035E+0	1.27093E+2	0.0	0.0	0.0	0.0
82.18090	48.74090	4.57030E+2	2.28034E+2	2.28995E+2	1.68477E+1	2.84489E+1	0.14778E+0	1.26579E+2	0.0	0.0	0.0	0.0
83.18320	49.74320	4.99778E+2	2.35627E+2	2.64151E+2	1.55145E+1	3.91096E+1	8.08049E-2	1.16844E+2	0.0	0.0	0.0	0.0
84.18540	50.74540	5.41358E+2	2.27047E+2	3.14312E+2	1.03283E+1	4.72649E+1	8.75276E-2	1.11160E+2	0.0	0.0	0.0	0.0
85.18760	51.74760	5.81813E+2	2.30279E+2	3.51534E+2	7.61954E+0	5.73817E+1	9.40684E-2	9.65142E+1	0.0	0.0	0.0	0.0
86.18980	52.74980	6.21183E+2	2.24771E+2	3.96412E+2	5.02169E+0	6.56837E+1	0.0	8.43644E+1	0.20086E+0	0.0	0.0	0.0
87.19200	53.75200	6.59506E+2	2.26056E+2	4.33451E+2	4.79835E+0	7.60272E+1	0.0	7.34680E+1	0.31989E+0	0.0	0.0	0.0
88.19420	54.75420	6.96820E+2	2.21608E+2	4.75212E+2	3.60521E+0	8.03287E+1	0.0	6.35419E+1	1.01397E+0	0.0	0.0	0.0
89.19650	55.75650	7.33161E+2	2.22141E+2	5.11019E+2	2.60785E+0	8.57033E+1	0.0	5.70170E+1	2.25223E+0	0.0	0.0	0.0
90.19870	56.75870	7.68560E+2	2.21683E+2	5.46877E+2	1.49114E+0	9.17053E+1	0.0	4.64740E+1	2.48524E+0	0.0	0.0	0.0
91.20090	57.76090	8.03051E+2	2.19297E+2	5.83754E+2	0.51935E+0	9.37434E+1	0.0	3.90814E+1	6.75160E+0	0.0	0.0	0.0
92.20310	58.76310	8.36664E+2	2.22254E+2	6.14411E+2	1.35273E+0	9.46912E+1	0.0	3.16539E+1	6.89893E+0	0.0	0.0	0.0
93.20530	59.76530	8.69429E+2	2.06498E+2	6.62931E+2	1.12456E+0	9.01057E+1	0.0	2.54433E+1	9.69937E+0	0.0	0.0	0.0
94.20760	60.76760	9.01373E+2	2.21518E+2	6.79855E+2	0.43720E+0	9.42907E+1	0.0	2.25890E+1	1.31162E+1	0.0	0.0	0.0
95.20980	61.76980	9.32524E+2	2.10176E+2	7.22348E+2	0.90463E+0	8.47338E+1	0.0	1.73388E+1	1.53787E+1	0.0	0.0	0.0
96.21200	62.77200	9.62907E+2	2.01300E+2	7.61607E+2	0.31136E+0	7.81535E+1	0.0	1.44786E+1	1.69696E+1	0.0	0.0	0.0
97.21420	63.77420	9.92547E+2	2.11187E+2	7.81360E+2	0.16047E+0	7.54240E+1	0.0	9.78907E+0	2.55158E+1	0.0	0.0	0.0
98.21640	64.77640	1.02147E+3	2.18331E+2	8.03136E+2	0.16515E+0	7.41534E+1	0.0	1.22213E+1	3.05532E+1	0.33030E+0	0.0	0.0
99.21870	65.77870	1.04969E+3	2.09938E+2	8.39753E+2	0.0	6.73771E+1	0.0	8.48578E+0	3.37734E+1	0.50914E+0	0.0	0.0
100.22100	66.78100	1.07724E+3	2.09701E+2	8.67542E+2	0.34834E+0	6.09596E+1	0.0	6.44430E+0	3.57049E+1	1.04502E+0	0.0	0.0
101.22300	67.78300	1.10415E+3	2.02799E+2	9.01349E+2	0.0	5.17709E+1	0.0	8.03342E+0	3.55255E+1	1.42816E+0	0.0	0.0
102.22500	68.78500	1.13043E+3	2.06165E+2	9.24269E+2	0.0	4.87997E+1	0.0	4.56926E+0	4.07578E+1	2.74155E+0	0.0	0.0
103.22800	69.78800	1.15612E+3	1.99820E+2	9.56296E+2	0.0	4.11230E+1	0.0	1.68230E+0	4.71045E+1	3.36461E+0	0.0	0.0
104.23000	70.79000	1.18119E+3	2.01099E+2	9.80094E+2	0.0	3.51398E+1	0.0	2.29172E+0	4.46886E+1	1.90977E+0	0.0	0.0
105.23200	71.79200	1.20564E+3	2.10525E+2	9.95120E+2	0.0	4.03506E+1	0.0	2.14424E+0	4.56137E+1	4.09354E+0	0.0	0.0
106.23400	72.79400	1.22949E+3	2.02364E+2	1.02713E+3	0.0	2.78301E+1	0.0	1.39150E+0	4.59196E+1	1.01381E+1	0.0	0.0
107.23600	73.79600	1.25283E+3	2.02559E+2	1.05027E+3	0.0	2.41045E+1	0.0	1.62047E+0	4.33477E+1	1.09382E+1	0.0	0.0
108.23900	74.79900	1.27575E+3	2.03996E+2	1.07175E+3	0.0	2.59894E+1	0.0	1.65012E+0	4.70285E+1	1.05195E+1	0.0	0.0
109.24100	75.80100	1.29820E+3	1.89116E+2	1.10909E+3	0.0	1.86807E+1	0.0	0.83958E+0	4.23988E+1	1.07047E+1	0.20989E+0	0.0
110.24300	76.80300	1.32000E+3	2.08938E+2	1.11106E+3	0.0	1.98480E+1	0.0	1.70736E+0	4.07632E+1	1.34455E+1	0.21342E+0	0.0
111.24500	77.80500	1.34120E+3	2.03836E+2	1.13736E+3	0.0	1.45287E+1	0.0	0.65054E+0	4.01166E+1	1.79983E+1	0.0	0.0
112.24800	78.80800	1.36210E+3	1.92038E+2	1.17006E+3	0.0	1.21125E+1	0.0	0.88090E+0	3.17127E+1	1.71777E+1	0.22022E+0	0.0
113.25000	79.81000	1.38270E+3	2.00307E+2	1.18239E+3	0.0	1.07308E+1	0.0	0.22355E+0	3.26394E+1	1.85553E+1	0.22355E+0	0.0
114.25200	80.81200	1.40263E+3	2.00245E+2	1.20238E+3	0.0	9.29792E+0	0.0	0.0	2.94812E+1	2.26779E+1	0.22677E+0	0.0
115.25400	81.81400	1.42205E+3	2.01179E+2	1.22087E+3	0.0	5.05821E+0	0.0	0.45983E+0	2.66706E+1	2.16124E+1	1.83935E+0	0.0
116.25600	82.81600	1.44132E+3	1.94118E+2	1.24720E+3	0.0	8.85532E+0	0.0	0.69910E+0	2.72651E+1	2.28374E+1	0.23303E+0	0.0
117.25900	83.81900	1.46001E+3	1.92386E+2	1.26762E+3	0.0	6.60957E+0	0.0	0.23605E+0	2.50220E+1	2.24253E+1	1.88845E+0	0.0
118.26100	84.82100	1.47822E+3	1.90005E+2	1.28821E+3	0.0	5.01901E+0	0.0	0.0	2.19880E+1	1.98370E+1	2.62901E+0	0.0
119.26300	85.82300	1.49642E+3	1.99120E+2	1.29730E+3	0.0	4.11304E+0	0.0	0.24194E+0	1.69361E+1	2.46782E+1	1.93555E+0	0.0
120.26500	86.82500	1.51377E+3	1.87232E+2	1.32654E+3	0.0	5.13971E+0	0.0	0.0	1.88456E+1	2.37406E+1	2.69223E+0	0.0
121.26700	87.82700	1.53079E+3	1.92803E+2	1.33799E+3	0.0	2.47501E+0	0.0	0.0	1.60876E+1	2.74726E+1	2.97001E+0	0.24750E+0
122.27000	88.83000	1.54823E+3	1.93998E+2	1.35423E+3	0.0	1.75224E+0	0.0	0.0	1.82734E+1	2.42811E+1	4.25545E+0	0.0
123.27200	89.83200	1.56415E+3	2.02315E+2	1.36183E+3	0.0	1.01157E+0	0.0	0.0	1.36562E+1	2.07373E+1	4.29919E+0	0.0
124.27400	90.83400	1.58026E+3	1.87791E+2	1.39246E+3	0.0	1.02199E+0	0.0	0.0	1.63519E+1	2.24838E+1	3.57697E+0	0.0
125.27600	91.83600	1.59689E+3	1.94673E+2	1.40221E+3	0.0	1.54912E+0	0.0	0.0	8.77835E+0	2.55605E+1	5.68011E+0	0.77456E+0
126.27900	92.83900	1.61125E+3	2.06845E+2	1.40441E+3	0.0	0.52102E+0	0.0	0.0	9.63886E+0	2.47484E+1	7.55479E+0	0.26051E+0
127.28100	93.84100	1.62719E+3	1.89686E+2	1.43751E+3	0.0	0.52617E+0	0.0	0.0	6.57717E+0	2.05208E+1	5.26174E+0	0.0
128.28300	94.84300	1.64219E+3	1.98072E+2	1.44412E+3	0.0	0.53102E+0	0.0	0.0	8.76189E+0	1.96479E+1	8.23086E+0	0.26551E+0

