Evaporation residue cross section (mb) calculated using Monte-Carlo procedure (statistics: 10479 events for each energy)
Ecm(MeV)	E^*(MeV)	Sigma_fus	Sigma_surv	Sigma_fiss	2n	3n	5n	7n	4n	6n	8n	9n	
64.14100	30.70100	5.86190E-2	5.05582E-2	8.06088E-3	1.33136E-3	4.85835E-2	0.0	0.0	3.24449E-4	0.0	0.0	0.0
65.14320	31.70320	0.29592E+0	0.25032E+0	4.56079E-2	4.40547E-3	0.23733E+0	0.0	0.0	6.74941E-3	0.0	0.0	0.0
66.14540	32.70540	1.19755E+0	0.96453E+0	0.23301E+0	1.01710E-2	0.88224E+0	0.0	0.0	6.51401E-2	0.0	0.0	0.0
67.14770	33.70770	3.48340E+0	2.57923E+0	0.90417E+0	1.76181E-2	2.18864E+0	0.0	0.0	0.34239E+0	0.0	0.0	0.0
68.14990	34.70990	7.59250E+0	4.95805E+0	2.63444E+0	2.68081E-2	3.76183E+0	0.0	0.0	1.10638E+0	0.0	0.0	0.0
69.15210	35.71210	1.37137E+1	7.76442E+0	5.94927E+0	1.70129E-2	4.96122E+0	0.0	0.0	2.67102E+0	0.0	0.0	0.0
70.15430	36.71430	2.19234E+1	1.08267E+1	1.10966E+1	1.25527E-2	5.71568E+0	0.0	0.0	4.93741E+0	0.0	0.0	0.0
71.15650	37.71650	3.24358E+1	1.47925E+1	1.76433E+1	2.47625E-2	6.15658E+0	0.0	0.0	8.34496E+0	0.0	0.0	0.0
72.15870	38.71870	4.57602E+1	1.89346E+1	2.68255E+1	8.73369E-3	5.73367E+0	4.36685E-3	0.0	1.28516E+1	0.0	0.0	0.0
73.16100	39.72100	6.36156E+1	2.55519E+1	3.80637E+1	1.82123E-2	5.28764E+0	1.82123E-2	0.0	1.96693E+1	0.0	0.0	0.0
74.16320	40.72320	8.98311E+1	3.67845E+1	5.30466E+1	0.0	5.09206E+0	0.27432E+0	0.0	3.05266E+1	0.0	0.0	0.0
75.16540	41.72540	1.28153E+2	5.51428E+1	7.30101E+1	0.0	5.18530E+0	1.23518E+0	0.0	4.69246E+1	0.0	0.0	0.0
76.16760	42.72760	1.75114E+2	7.50822E+1	1.00032E+2	0.0	4.76262E+0	3.99391E+0	0.0	6.37522E+1	0.0	0.0	0.0
77.16980	43.72980	2.24525E+2	8.95186E+1	1.35006E+2	0.0	4.56378E+0	8.76331E+0	0.0	7.31490E+1	0.0	0.0	0.0
78.17210	44.73210	2.73518E+2	9.72542E+1	1.76263E+2	0.0	3.31489E+0	1.56609E+1	0.0	7.44937E+1	0.0	0.0	0.0
79.17430	45.73430	3.21338E+2	1.01010E+2	2.20328E+2	0.0	3.00517E+0	2.41027E+1	0.0	6.95175E+1	0.0	0.0	0.0
80.17650	46.73650	3.67852E+2	9.75182E+1	2.70334E+2	0.0	1.86050E+0	3.10317E+1	0.0	5.99221E+1	0.0	0.0	0.0
81.17870	47.73870	4.13070E+2	9.59454E+1	3.17124E+2	0.0	1.37966E+0	3.87093E+1	0.0	5.07714E+1	0.0	0.0	0.0
82.18090	48.74090	4.57030E+2	9.35954E+1	3.63434E+2	0.0	0.65420E+0	4.57946E+1	0.0	4.20438E+1	0.0	0.0	0.0
83.18320	49.74320	4.99778E+2	9.28589E+1	4.06919E+2	0.0	0.76309E+0	5.27488E+1	0.0	3.33376E+1	4.76933E-2	0.0	0.0
84.18540	50.74540	5.41358E+2	9.13371E+1	4.50021E+2	0.0	0.30996E+0	5.85322E+1	0.0	2.58823E+1	0.10332E+0	0.0	0.0
85.18760	51.74760	5.81813E+2	8.61143E+1	4.95699E+2	0.0	0.11104E+0	6.07964E+1	0.0	1.83777E+1	0.33313E+0	0.0	0.0
86.18980	52.74980	6.21183E+2	8.64878E+1	5.34695E+2	0.0	5.92788E-2	6.47325E+1	0.0	1.45233E+1	1.00774E+0	0.0	0.0
87.19200	53.75200	6.59506E+2	8.34531E+1	5.76053E+2	0.0	6.29360E-2	6.08591E+1	0.0	1.28389E+1	2.26570E+0	0.0	0.0
88.19420	54.75420	6.96820E+2	8.43180E+1	6.12502E+2	0.0	0.26598E+0	6.33050E+1	0.0	8.77758E+0	4.38879E+0	0.0	0.0
89.19650	55.75650	7.33161E+2	8.18587E+1	6.51302E+2	0.0	0.0	6.10792E+1	0.0	5.59718E+0	7.20637E+0	0.0	0.0
90.19870	56.75870	7.68560E+2	7.49565E+1	6.93604E+2	0.0	7.33429E-2	5.60340E+1	0.0	3.52046E+0	8.06772E+0	0.0	0.0
91.20090	57.76090	8.03051E+2	7.14233E+1	7.31628E+2	0.0	0.0	4.67470E+1	0.0	3.21864E+0	1.24148E+1	0.0	0.0
92.20310	58.76310	8.36664E+2	7.43329E+1	7.62332E+2	0.0	7.98420E-2	4.55099E+1	0.0	2.71463E+0	1.55692E+1	0.0	0.0
93.20530	59.76530	8.69429E+2	7.40080E+1	7.95421E+2	0.0	0.0	4.05717E+1	0.0	1.57640E+0	2.16548E+1	0.0	0.0
94.20760	60.76760	9.01373E+2	7.20823E+1	8.29290E+2	0.0	0.0	3.38047E+1	0.0	1.37627E+0	2.79555E+1	0.0	0.0
95.20980	61.76980	9.32524E+2	7.15477E+1	8.60976E+2	0.0	0.0	3.09684E+1	8.89898E-2	0.53393E+0	2.88327E+1	0.0	0.0
96.21200	62.77200	9.62907E+2	7.07548E+1	8.92152E+2	0.0	0.0	2.58209E+1	0.64322E+0	0.45944E+0	3.27126E+1	0.0	0.0
97.21420	63.77420	9.92547E+2	6.70602E+1	9.25487E+2	0.0	0.0	2.01749E+1	1.23133E+0	0.47358E+0	3.47614E+1	0.0	0.0
98.21640	64.77640	1.02147E+3	7.26208E+1	9.48847E+2	0.0	0.0	1.74485E+1	1.94955E+0	0.19495E+0	3.89910E+1	0.0	0.0
99.21870	65.77870	1.04969E+3	6.87172E+1	9.80974E+2	0.0	0.0	1.37234E+1	3.60615E+0	0.20034E+0	3.85658E+1	0.0	0.0
100.22100	66.78100	1.07724E+3	7.03153E+1	1.00693E+3	0.0	0.0	1.13080E+1	4.42041E+0	0.41120E+0	3.98865E+1	0.0	0.0
101.22300	67.78300	1.10415E+3	6.54334E+1	1.03871E+3	0.0	0.0	8.85089E+0	6.63817E+0	0.10536E+0	3.52982E+1	0.0	0.0
102.22500	68.78500	1.13043E+3	6.39705E+1	1.06646E+3	0.0	0.0	6.04106E+0	8.30646E+0	0.0	3.68936E+1	0.0	0.0
103.22800	69.78800	1.15612E+3	6.69685E+1	1.08915E+3	0.0	0.0	5.95766E+0	1.01501E+1	0.11032E+0	3.22155E+1	0.0	0.0
104.23000	70.79000	1.18119E+3	6.86465E+1	1.11255E+3	0.0	0.0	5.07240E+0	1.44282E+1	0.0	3.08853E+1	0.0	0.0
105.23200	71.79200	1.20564E+3	6.23589E+1	1.14329E+3	0.0	0.0	3.22150E+0	1.44967E+1	0.0	2.76128E+1	0.11505E+0	0.0
106.23400	72.79400	1.22949E+3	6.53524E+1	1.16414E+3	0.0	0.0	2.11193E+0	1.67781E+1	0.0	2.80417E+1	0.0	0.0
107.23600	73.79600	1.25283E+3	6.82665E+1	1.18456E+3	0.0	0.0	1.55423E+0	2.27157E+1	0.0	2.49872E+1	0.47822E+0	0.0
108.23900	74.79900	1.27575E+3	6.24545E+1	1.21330E+3	0.0	0.0	2.67836E+0	2.22791E+1	0.0	1.89920E+1	0.24348E+0	0.0
109.24100	75.80100	1.29820E+3	6.67746E+1	1.23143E+3	0.0	0.0	1.23886E+0	2.56444E+1	0.0	1.87068E+1	0.61943E+0	0.0
110.24300	76.80300	1.32000E+3	6.08417E+1	1.25916E+3	0.0	0.0	1.00773E+0	2.50673E+1	0.0	1.41082E+1	1.00773E+0	0.0
111.24500	77.80500	1.34120E+3	6.47624E+1	1.27643E+3	0.0	0.0	0.89592E+0	2.80296E+1	0.0	1.33108E+1	1.27989E+0	0.0
112.24800	78.80800	1.36210E+3	6.13524E+1	1.30075E+3	0.0	0.0	0.64992E+0	2.57368E+1	0.0	8.57895E+0	2.46970E+0	0.0
113.25000	79.81000	1.38270E+3	6.45235E+1	1.31818E+3	0.0	0.0	0.79169E+0	2.82373E+1	0.0	1.01601E+1	3.29875E+0	0.0
114.25200	80.81200	1.40263E+3	6.14377E+1	1.34119E+3	0.0	0.0	0.66925E+0	2.71718E+1	0.0	7.36181E+0	2.94472E+0	0.0
115.25400	81.81400	1.42205E+3	6.24240E+1	1.35962E+3	0.0	0.0	0.27140E+0	2.80908E+1	0.0	6.24240E+0	5.15677E+0	0.0
116.25600	82.81600	1.44132E+3	5.54301E+1	1.38589E+3	0.0	0.0	0.13754E+0	2.32449E+1	0.0	4.53894E+0	5.50174E+0	0.13754E+0
117.25900	83.81900	1.46001E+3	6.29758E+1	1.39703E+3	0.0	0.0	0.0	2.49395E+1	0.0	5.01577E+0	7.66298E+0	0.0
118.26100	84.82100	1.47822E+3	6.55951E+1	1.41262E+3	0.0	0.0	0.42319E+0	2.38399E+1	0.0	3.10343E+0	1.01567E+1	0.0
119.26300	85.82300	1.49642E+3	6.11192E+1	1.43530E+3	0.0	0.0	0.0	1.95639E+1	0.0	2.57043E+0	9.13932E+0	0.14280E+0
120.26500	86.82500	1.51377E+3	6.00942E+1	1.45367E+3	0.0	0.0	0.0	1.77682E+1	0.0	2.74469E+0	1.12677E+1	0.14445E+0
121.26700	87.82700	1.53079E+3	5.74102E+1	1.47338E+3	0.0	0.0	0.0	1.62151E+1	0.0	1.75298E+0	1.24170E+1	0.29216E+0
122.27000	88.83000	1.54823E+3	6.10192E+1	1.48721E+3	0.0	0.0	0.0	1.44791E+1	0.0	1.32972E+0	1.35927E+1	0.73873E+0
123.27200	89.83200	1.56415E+3	6.16464E+1	1.50250E+3	0.0	0.0	0.14926E+0	1.67177E+1	0.0	1.34338E+0	1.49265E+1	0.59705E+0
124.27400	90.83400	1.58026E+3	5.85113E+1	1.52174E+3	0.0	0.0	0.15080E+0	1.14610E+1	0.0	1.65882E+0	1.50802E+1	0.60320E+0
125.27600	91.83600	1.59689E+3	5.83650E+1	1.53852E+3	0.0	0.0	0.0	1.12768E+1	0.0	1.37150E+0	1.37150E+1	0.60955E+0
126.27900	92.83900	1.61125E+3	6.11966E+1	1.55006E+3	0.0	0.0	0.0	9.99441E+0	0.0	0.0	1.70674E+1	2.76768E+0
127.28100	93.84100	1.62719E+3	5.82304E+1	1.56896E+3	0.0	0.0	0.0	1.00933E+1	0.0	1.08697E+0	1.55281E+1	1.39753E+0
128.28300	94.84300	1.64219E+3	5.78269E+1	1.58436E+3	0.0	0.0	0.0	7.52220E+0	0.0	0.31342E+0	1.67682E+1	3.29096E+0

