Evaporation residue cross section (mb) calculated using Monte-Carlo procedure (statistics: 105217 events for each energy)
Ecm(MeV)	E^*(MeV)	Sigma_fus	Sigma_surv	Sigma_fiss	2n	4n	3n	6n	7n	5n	8n	1n	9n	
64.14000	31.28000	2.71030E-2	2.16416E-2	5.46145E-3	6.31125E-3	0.0	1.51925E-2	0.0	0.0	0.0	0.0	4.63665E-6	0.0
65.14220	32.28220	0.13370E+0	0.10338E+0	3.03313E-2	2.06809E-2	0.0	8.19826E-2	0.0	0.0	0.0	0.0	1.14371E-5	0.0
66.14430	33.28430	0.56909E+0	0.42115E+0	0.14794E+0	5.40332E-2	0.0	0.36371E+0	0.0	0.0	0.0	0.0	2.16349E-5	0.0
67.14650	34.28650	1.91470E+0	1.31221E+0	0.60248E+0	0.10860E+0	1.45581E-4	1.19218E+0	0.0	0.0	0.0	0.0	1.81977E-5	0.0
68.14870	35.28870	4.74962E+0	2.93124E+0	1.81838E+0	0.15785E+0	5.64264E-3	2.73795E+0	0.0	0.0	0.0	0.0	0.0	0.0
69.15090	36.29090	9.39012E+0	4.96356E+0	4.42657E+0	0.17206E+0	4.92634E-2	4.68672E+0	0.0	0.0	0.0	0.0	0.0	0.0
70.15300	37.29300	1.59640E+1	7.17492E+0	8.78912E+0	0.15688E+0	0.23638E+0	6.67969E+0	0.0	0.0	0.0	0.0	1.51725E-4	0.0
71.15520	38.29520	2.45721E+1	9.44027E+0	1.51318E+1	0.12891E+0	0.78795E+0	8.37114E+0	0.0	0.0	0.0	0.0	0.0	0.0
72.15740	39.29740	3.55132E+1	1.19088E+1	2.36043E+1	9.34939E-2	1.97451E+0	9.61975E+0	0.0	0.0	0.0	0.0	0.0	0.0
73.15950	40.29950	4.93589E+1	1.49010E+1	3.44580E+1	7.17747E-2	4.13901E+0	1.03839E+1	0.0	0.0	0.0	0.0	0.0	0.0
74.16170	41.30170	6.83447E+1	1.98824E+1	4.84623E+1	4.93665E-2	7.90579E+0	1.14615E+1	0.0	0.0	0.0	0.0	0.0	0.0
75.16390	42.30390	9.61622E+1	2.84081E+1	6.77542E+1	4.20413E-2	1.47273E+1	1.29606E+1	0.0	0.0	0.0	0.0	0.0	0.0
76.16610	43.30610	1.35045E+2	4.06996E+1	9.43457E+1	2.56699E-2	2.51295E+1	1.44496E+1	0.0	0.0	0.0	0.0	0.0	0.0
77.16820	44.30820	1.80841E+2	5.08903E+1	1.29951E+2	2.40624E-2	3.58169E+1	1.35025E+1	0.0	0.0	2.74999E-2	0.0	0.0	0.0
78.17040	45.31040	2.28404E+2	5.69551E+1	1.71449E+2	2.17079E-2	4.34767E+1	1.13033E+1	0.0	0.0	0.23444E+0	0.0	0.0	0.0
79.17260	46.31260	2.75474E+2	5.87277E+1	2.16746E+2	1.04726E-2	4.67863E+1	8.93050E+0	0.0	0.0	0.71475E+0	0.0	0.0	0.0
80.17480	47.31480	3.21425E+2	5.72819E+1	2.64143E+2	6.10975E-3	4.66754E+1	6.00588E+0	0.0	0.0	2.01011E+0	0.0	0.0	0.0
81.17690	48.31690	3.66137E+2	5.58617E+1	3.10275E+2	3.47983E-3	4.47297E+1	4.34630E+0	0.0	0.0	4.10272E+0	0.0	0.0	0.0
82.17910	49.31910	4.09617E+2	5.38800E+1	3.55737E+2	3.89307E-3	4.10407E+1	2.85362E+0	0.0	0.0	6.90241E+0	0.0	0.0	0.0
83.18130	50.32130	4.51900E+2	5.18012E+1	4.00099E+2	0.0	3.56780E+1	2.02291E+0	0.0	0.0	1.09650E+1	0.0	0.0	0.0
84.18340	51.32340	4.93029E+2	4.99088E+1	4.43120E+2	0.0	3.03548E+1	1.27455E+0	0.0	0.0	1.49291E+1	0.0	0.0	0.0
85.18560	52.32560	5.33045E+2	4.81183E+1	4.84927E+2	0.0	2.51433E+1	0.73965E+0	0.0	0.0	1.86637E+1	0.0	0.0	0.0
86.18780	53.32780	5.71987E+2	4.60506E+1	5.25937E+2	0.0	2.04295E+1	0.60342E+0	5.43626E-3	0.0	2.14787E+1	0.0	0.0	0.0
87.19000	54.33000	6.09895E+2	4.50507E+1	5.64844E+2	0.0	1.55695E+1	0.39996E+0	5.79654E-3	0.0	2.50469E+1	0.0	0.0	0.0
88.19210	55.33210	6.46804E+2	4.36707E+1	6.03133E+2	0.0	1.21717E+1	0.20286E+0	2.45893E-2	0.0	2.68024E+1	0.0	0.0	0.0
89.19430	56.33430	6.82749E+2	4.17436E+1	6.41006E+2	0.0	9.28571E+0	0.16871E+0	8.43565E-2	0.0	2.78961E+1	0.0	0.0	0.0
90.19650	57.33650	7.17764E+2	4.11488E+1	6.76616E+2	0.0	7.34703E+0	8.18610E-2	0.29333E+0	0.0	2.88901E+1	0.0	0.0	0.0
91.19860	58.33860	7.51881E+2	4.00891E+1	7.11792E+2	0.0	5.45955E+0	7.86060E-2	0.69316E+0	0.0	2.85626E+1	0.0	0.0	0.0
92.20080	59.34080	7.85130E+2	3.94665E+1	7.45663E+2	0.0	4.05187E+0	4.47720E-2	1.59687E+0	0.0	2.86690E+1	0.0	0.0	0.0
93.20300	60.34300	8.17540E+2	3.70630E+1	7.80477E+2	0.0	2.51749E+0	4.66202E-2	2.17561E+0	0.0	2.69387E+1	0.0	0.0	0.0
94.20520	61.34520	8.49139E+2	3.69784E+1	8.12160E+2	0.0	2.21935E+0	1.61407E-2	4.03518E+0	0.0	2.54378E+1	0.0	0.0	0.0
95.20730	62.34730	8.79953E+2	3.56525E+1	8.44301E+2	0.0	1.65592E+0	1.67264E-2	5.25210E+0	0.0	2.26811E+1	0.0	0.0	0.0
96.20950	63.34950	9.10008E+2	3.59015E+1	8.74106E+2	0.0	1.05516E+0	8.64886E-3	7.00558E+0	0.0	2.11984E+1	0.0	0.0	0.0
97.21170	64.35170	9.39326E+2	3.43441E+1	9.04982E+2	0.0	0.70527E+0	0.0	8.96322E+0	0.0	1.81675E+1	0.0	0.0	0.0
98.21380	65.35380	9.67931E+2	3.40193E+1	9.33911E+2	0.0	0.56116E+0	0.0	1.04689E+1	9.19938E-3	1.59517E+1	0.0	0.0	0.0
99.21600	66.35600	9.95845E+2	3.32021E+1	9.62643E+2	0.0	0.42591E+0	0.0	1.21905E+1	9.46468E-3	1.31275E+1	0.0	0.0	0.0
100.21800	67.35800	1.02310E+3	3.22827E+1	9.90813E+2	0.0	0.34032E+0	0.0	1.30881E+1	3.88947E-2	1.15323E+1	0.0	0.0	0.0
101.22000	68.36000	1.04972E+3	3.33919E+1	1.01632E+3	0.0	0.21948E+0	0.0	1.55536E+1	0.26937E+0	9.72726E+0	0.0	0.0	0.0
102.22300	69.36300	1.07573E+3	3.08865E+1	1.04484E+3	0.0	0.21470E+0	0.0	1.51314E+1	0.26582E+0	7.62705E+0	0.0	0.0	0.0
103.22500	70.36500	1.10113E+3	3.13542E+1	1.06978E+3	0.0	0.14651E+0	0.0	1.60434E+1	0.62792E+0	6.19549E+0	0.0	0.0	0.0
104.22700	71.36700	1.12589E+3	3.08286E+1	1.09506E+3	0.0	8.56052E-2	0.0	1.59654E+1	0.88815E+0	5.40383E+0	0.0	0.0	0.0
105.22900	72.36900	1.15002E+3	3.11285E+1	1.11889E+3	0.0	0.0	0.0	1.62091E+1	1.46462E+0	4.17525E+0	0.0	0.0	0.0
106.23100	73.37100	1.17366E+3	3.07757E+1	1.14289E+3	0.0	8.92374E-2	0.0	1.58173E+1	2.11939E+0	3.08985E+0	0.0	0.0	0.0
107.23300	74.37300	1.19693E+3	3.16475E+1	1.16528E+3	0.0	2.27516E-2	0.0	1.56417E+1	3.04872E+0	2.49130E+0	0.0	0.0	0.0
108.23600	75.37600	1.21961E+3	3.05550E+1	1.18906E+3	0.0	3.47742E-2	0.0	1.43270E+1	4.01062E+0	2.13282E+0	0.0	0.0	0.0
109.23800	76.37800	1.24149E+3	2.94748E+1	1.21201E+3	0.0	2.35986E-2	0.0	1.29321E+1	4.23596E+0	1.64011E+0	0.0	0.0	0.0
110.24000	77.38000	1.26298E+3	2.89885E+1	1.23399E+3	0.0	2.40071E-2	0.0	1.13553E+1	5.54563E+0	1.14034E+0	0.0	0.0	0.0
111.24200	78.38200	1.28445E+3	2.91762E+1	1.25527E+3	0.0	0.0	0.0	1.05840E+1	5.92069E+0	0.96440E+0	1.22076E-2	0.0	0.0
112.24400	79.38400	1.30513E+3	2.89266E+1	1.27621E+3	0.0	0.0	0.0	8.96823E+0	7.31847E+0	0.88069E+0	6.20210E-2	0.0	0.0
113.24600	80.38600	1.32484E+3	2.95397E+1	1.29530E+3	0.0	0.0	0.0	7.74379E+0	8.48669E+0	0.65475E+0	5.03661E-2	0.0	0.0
114.24900	81.38900	1.34493E+3	2.85432E+1	1.31639E+3	0.0	0.0	0.0	6.73635E+0	8.60259E+0	0.48573E+0	0.10226E+0	0.0	0.0
115.25100	82.39100	1.36465E+3	2.76647E+1	1.33698E+3	0.0	0.0	0.0	5.56407E+0	8.98811E+0	0.32424E+0	0.14266E+0	0.0	0.0
116.25300	83.39300	1.38280E+3	2.82824E+1	1.35452E+3	0.0	0.0	0.0	5.44095E+0	9.46253E+0	0.14456E+0	0.21027E+0	0.0	0.0
117.25500	84.39500	1.40168E+3	2.89883E+1	1.37269E+3	0.0	0.0	0.0	4.44949E+0	9.49846E+0	0.14654E+0	0.38633E+0	0.0	0.0
118.25700	85.39700	1.42033E+3	2.82940E+1	1.39204E+3	0.0	0.0	0.0	3.72574E+0	9.51684E+0	0.14849E+0	0.58046E+0	0.0	0.0
119.25900	86.39900	1.43700E+3	2.62360E+1	1.41076E+3	0.0	0.0	0.0	2.64955E+0	8.89101E+0	2.73149E-2	0.68287E+0	0.0	0.0
120.26200	87.40200	1.45520E+3	2.79791E+1	1.42722E+3	0.0	0.0	0.0	2.76610E+0	9.48772E+0	4.14915E-2	1.00963E+0	0.0	0.0
121.26400	88.40400	1.47228E+3	2.72860E+1	1.44500E+3	0.0	0.0	0.0	2.00098E+0	8.47966E+0	5.59713E-2	1.38529E+0	0.0	0.0
122.26600	89.40600	1.48792E+3	2.76606E+1	1.46026E+3	0.0	0.0	0.0	1.54141E+0	8.81010E+0	7.07070E-2	1.30101E+0	0.0	0.0
123.26800	90.40800	1.50568E+3	2.55724E+1	1.48011E+3	0.0	0.0	0.0	1.31654E+0	7.34115E+0	2.86205E-2	1.74585E+0	0.0	0.0
124.27000	91.41000	1.52050E+3	2.61854E+1	1.49432E+3	0.0	0.0	0.0	0.98267E+0	6.89318E+0	1.44511E-2	2.08096E+0	0.0	0.0
125.27200	92.41200	1.53652E+3	2.63298E+1	1.51019E+3	0.0	0.0	0.0	0.74476E+0	6.26482E+0	1.46033E-2	2.46796E+0	0.0	2.92066E-2
126.27500	93.41500	1.55239E+3	2.54509E+1	1.52694E+3	0.0	0.0	0.0	0.53114E+0	6.37379E+0	0.0	2.37542E+0	0.0	1.47541E-2
127.27700	94.41700	1.56625E+3	2.65267E+1	1.53973E+3	0.0	0.0	0.0	0.46146E+0	5.41848E+0	0.0	3.06650E+0	0.0	0.0
128.27900	95.41900	1.58230E+3	2.57459E+1	1.55656E+3	0.0	0.0	0.0	0.60153E+0	4.99277E+0	0.0	2.76708E+0	0.0	4.51154E-2

